Optimal passive search
 __________________________________
|              |         |         |
|   Number     |    x    |   F(x)  |
| of point (k) |         |         |
|______________|_________|_________|
|1             |+2.050000|-2.447529|
|2             |+2.100000|-2.514031|
|3             |+2.150000|-2.579465|
|4             |+2.200000|-2.643748|
|5             |+2.250000|-2.706803|
|6             |+2.300000|-2.768550|
|7             |+2.350000|-2.828913|
|8             |+2.400000|-2.887817|
|9             |+2.450000|-2.945188|
|10            |+2.500000|-3.000953|
|11            |+2.550000|-3.055041|
|12            |+2.600000|-3.107382|
|13            |+2.650000|-3.157908|
|14            |+2.700000|-3.206554|
|15            |+2.750000|-3.253254|
|16            |+2.800000|-3.297946|
|17            |+2.850000|-3.340567|
|18            |+2.900000|-3.381059|
|19            |+2.950000|-3.419363|
|20            |+3.000000|-3.455424|
|21            |+3.050000|-3.489188|
|22            |+3.100000|-3.520602|
|23            |+3.150000|-3.549617|
|24            |+3.200000|-3.576183|
|25            |+3.250000|-3.600256|
|26            |+3.300000|-3.621791|
|27            |+3.350000|-3.640745|
|28            |+3.400000|-3.657079|
|29            |+3.450000|-3.670755|
|30            |+3.500000|-3.681738|
|31            |+3.550000|-3.689994|
|32            |+3.600000|-3.695492|
|33            |+3.650000|-3.698203|
|34            |+3.700000|-3.698100|
|35            |+3.750000|-3.695158|
|36            |+3.800000|-3.689357|
|37            |+3.850000|-3.680676|
|38            |+3.900000|-3.669097|
|39            |+3.950000|-3.654606|
|40            |+4.000000|-3.637190|
|41            |+4.050000|-3.616838|
|42            |+4.100000|-3.593544|
|43            |+4.150000|-3.567300|
|44            |+4.200000|-3.538106|
|45            |+4.250000|-3.505958|
|46            |+4.300000|-3.470861|
|47            |+4.350000|-3.432816|
|48            |+4.400000|-3.391833|
|49            |+4.450000|-3.347918|
|50            |+4.500000|-3.301085|
|51            |+4.550000|-3.251346|
|52            |+4.600000|-3.198719|
|53            |+4.650000|-3.143221|
|54            |+4.700000|-3.084875|
|55            |+4.750000|-3.023703|
|56            |+4.800000|-2.959731|
|57            |+4.850000|-2.892988|
|58            |+4.900000|-2.823505|
|59            |+4.950000|-2.751313|
|60            |+5.000000|-2.676449|
|61            |+5.050000|-2.598949|
|62            |+5.100000|-2.518854|
|63            |+5.150000|-2.436206|
|64            |+5.200000|-2.351048|
|65            |+5.250000|-2.263427|
|66            |+5.300000|-2.173392|
|67            |+5.350000|-2.080993|
|68            |+5.400000|-1.986282|
|69            |+5.450000|-1.889315|
|70            |+5.500000|-1.790149|
|71            |+5.550000|-1.688841|
|72            |+5.600000|-1.585453|
|73            |+5.650000|-1.480048|
|74            |+5.700000|-1.372689|
|75            |+5.750000|-1.263443|
|76            |+5.800000|-1.152377|
|77            |+5.850000|-1.039563|
|78            |+5.900000|-0.925070|
|79            |+5.950000|-0.808972|
|______________|_________|_________|

Best result
 ____________________
|         |         |
|    x    |   F(x)  |
|_________|_________|
|+3.650000|-3.698203|
|_________|_________|

Result: -3.698203
x* belongs 3.650000 ± 0.050000
-----------------------------------------

Golden-section search
 _______________________________________________________________________________________
|           |                     |  Length   ||         |         ||         |         |
| Iteration |       Interval      |of interval||   X1    |   X2    ||  F(X1)  |  F(X2)  |
|___________|_____________________|___________||_________|_________||_________|_________|
|           |                     |           ||         |         ||         |         |
|0          |[+2.000000,+6.000000]| +4.000000 ||+4.291796|+5.708204||-3.476822|-1.354891|
|1          |[+2.000000,+5.708204]| +3.708204 ||+3.416408|+4.291796||-3.661862|-3.476822|
|2          |[+2.000000,+4.291796]| +2.291796 ||+2.875388|+3.416408||-3.361397|-3.661862|
|3          |[+2.875388,+4.291796]| +1.416408 ||+3.416408|+3.750776||-3.661862|-3.695090|
|4          |[+3.416408,+4.291796]| +0.875388 ||+3.750776|+3.957428||-3.695090|-3.652204|
|5          |[+3.416408,+3.957428]| +0.541020 ||+3.623059|+3.750776||-3.697090|-3.695090|
|6          |[+3.416408,+3.750776]| +0.334369 ||+3.544125|+3.623059||-3.689167|-3.697090|
|7          |[+3.544125,+3.750776]| +0.206651 ||+3.623059|+3.671843||-3.697090|-3.698505|
|8          |[+3.623059,+3.750776]| +0.127717 ||+3.671843|+3.701993||-3.698505|-3.698037|
|9          |[+3.623059,+3.701993]| +0.078934 ||+3.653209|+3.671843||-3.698281|-3.698505|
|___________|_____________________|___________||_________|_________||_________|_________|

Result: -3.698442
x* belongs [ 3.623059 , 3.701993 ] 
x* = 3.662526
-----------------------------------------

